Shakib 22 20 400 150 88 320 18 0 360
Tamim 22 21 300 178 70 300 11 0 350
Imrul 23 20 440 200 100 289 12 1 440
Mushfiq 25 25 400 240 110 250 9 1 300
Mehedy 22 30 400 250 110 230 9 1 302
Rawaha 22 20 1005 200 130 220 10 2 310
Anik 22 20 1005 200 130 220 10 2 310
Abdullah 23 21 1505 220 110 220 10 2 410
Adman 21 20 1005 200 130 220 10 2 510
Sadab 23 20 1015 200 130 220 10 2 410
Saad 24 20 1025 200 130 220 10 2 210
Dufaux 22 21 300 178 70 300 11 0 350
Rivaile 22 30 400 250 110 230 9 1 302
Mikasa 25 25 400 240 110 250 9 1 300
Sasha 22 20 1005 200 130 220 10 2 310
Sabrina 21 20 1005 200 130 220 10 2 510
Rifah 24 20 1025 200 130 220 10 2 210
Tasnim 21 20 1005 200 130 220 10 2 510
Arpa 25 25 400 240 110 250 9 1 300
Fahamin 24 20 1025 200 130 220 10 2 210
Haque 21 20 1005 200 130 220 10 2 510
Tabassum 25 25 400 240 110 250 9 1 300
